[ 51.9769, 49.7798 ]
[ 49.4635, -122.822 ]
[ 3.0383, 101.7094 ]
[ -23.5477, -46.6358 ]
[ -23.5477, -46.6358 ]
[ 51.5, -0.13 ]
[ 38.9685, -75.7919 ]
[ 39.9289, 116.3883 ]
[ 36.6683, 116.9972 ]
[ 56.0097, 92.7917 ]
[ 31.7198, -83.2132 ]
[ 35.9125, 14.5019 ]
[ 19.4342, -99.1386 ]
[ 49.4635, -122.822 ]
[ 51.5, -0.13 ]
[ 3.0383, 101.7094 ]
[ -23.5477, -46.6358 ]
[ 3.1433, 101.6955 ]
[ 31.8639, 117.2808 ]
[ 25, 45 ]
[ 48.8817, 2.3822 ]
[ 43.6109, 3.8772 ]
[ 48.86, 2.35 ]
[ 46.387, 6.5449 ]
[ 45.7638, 3.0495 ]
[ 46.4033, 6.6674 ]
[ 48.9519, 1.9234 ]
[ 48.6113, 2.3059 ]
[ 43.1167, 5.9333 ]
[ 43.6043, 1.4437 ]
[ 48.7461, 2.3527 ]
[ 48.8833, 2.5333 ]
[ 49.0894, -1.0725 ]
[ 49.6398, -1.6164 ]
[ 48.86, 2.35 ]
[ 43.9298, 2.148 ]
[ 49.346, 2.4569 ]
[ 44.5399, -0.1549 ]
[ 43.4074, 5.0553 ]
[ 48.8592, 2.3417 ]
[ 48.8592, 2.3417 ]
[ 48.8834, 2.2389 ]
[ 52.3667, 4.9 ]
[ 45.7638, 3.0495 ]
[ 48.6113, 2.3059 ]
[ 43.3021, 5.4014 ]
[ 47.5309, 6.8658 ]
[ 52.3667, 4.9 ]
[ 48.8817, 2.3822 ]
[ 47.1776, -1.6214 ]
[ 48.8833, 2.5333 ]
[ 49.0894, -1.0725 ]
[ 49.6398, -1.6164 ]
[ 49.346, 2.4569 ]
[ 47.5309, 6.8658 ]
[ 48.8592, 2.3417 ]
[ 48.8592, 2.3417 ]
[ 49.4635, -122.822 ]
[ -23.5477, -46.6358 ]
[ -23.5477, -46.6358 ]
[ 2.5, 112.5 ]
[ 36.6683, 116.9972 ]
[ 43.801, 87.6005 ]
[ 39.9289, 116.3883 ]
[ 53.0628, 8.6236 ]
[ 47.5, 19.0833 ]
[ 55.75, 37.6166 ]
[ 19.4342, -99.1386 ]
[ 19.43, -99.13 ]
[ 51.5, -0.13 ]
[ 1, 38 ]
[ 39.0335, -77.4838 ]
[ 12.9833, 77.5833 ]
[ 19.43, -99.13 ]
[ 44.8155, -122.7292 ]
[ 51.5144, -0.0941 ]
[ 30.05, 31.3666 ]
[ 40.6763, -73.7752 ]
[ 31.7198, -83.2132 ]
[ -20, 47 ]
[ 3.0383, 101.7094 ]
[ 47.2, 27.6 ]
[ 43.6043, 1.4437 ]
[ 49.0894, -1.0725 ]
[ 43.1167, 5.9333 ]
[ 48.8833, 2.5333 ]
[ 46.7874, 0.1834 ]
[ 47.1776, -1.6214 ]
[ 46.387, 6.5449 ]
[ 43.3021, 5.4014 ]
[ 48.8498, 2.5627 ]
[ 48.6113, 2.3059 ]
[ 48.86, 2.35 ]
[ 46.4033, 6.6674 ]
[ 49.6398, -1.6164 ]
[ 48.8817, 2.3822 ]
[ 44.8404, -0.5805 ]
[ 48.6445, 2.8368 ]
[ 49.346, 2.4569 ]
[ 48.86, 2.35 ]
[ 43.4074, 5.0553 ]
[ 48.8592, 2.3417 ]
[ 43.1994, 0.0257 ]
[ 48.8592, 2.3417 ]
[ 49.346, 2.4569 ]
[ 43.5667, 4.0833 ]
[ 48.8592, 2.3417 ]
[ 48.6113, 2.3059 ]
[ 48.86, 2.35 ]
[ 50.7462, 7.1294 ]
[ 48.8834, 2.2389 ]
[ 36.6683, 116.9972 ]
[ 49.6398, -1.6164 ]
[ 46.387, 6.5449 ]
[ 48.86, 2.35 ]
[ 48.8817, 2.3822 ]
[ 44.8404, -0.5805 ]
[ 48.8592, 2.3417 ]
[ 43.6043, 1.4437 ]
[ 43.4074, 5.0553 ]
[ 48.8592, 2.3417 ]
[ 49.0894, -1.0725 ]
[ 48.8592, 2.3417 ]
[ 43.6125, 1.3328 ]
[ 47.5309, 6.8658 ]
[ 47.1776, -1.6214 ]
[ 48.7461, 2.3527 ]
[ 39.9289, 116.3883 ]
[ 45.7638, 3.0495 ]
[ 48.6113, 2.3059 ]
[ 44.8404, -0.5805 ]
[ 52.3667, 4.9 ]
[ 48.6445, 2.8368 ]
[ 48.8592, 2.3417 ]
[ 43.6043, 1.4437 ]
[ 43.6109, 3.8772 ]
[ 50.45, 30.5233 ]
[ 52.3667, 4.9 ]
[ 46.4033, 6.6674 ]
[ 46.7874, 0.1834 ]
[ 49.0245, 1.0338 ]
[ 49.6398, -1.6164 ]
[ 48.8592, 2.3417 ]
[ 44.5399, -0.1549 ]
[ 46.387, 6.5449 ]
[ 49.346, 2.4569 ]
[ 48.8834, 2.2389 ]
[ 48.8817, 2.3822 ]
[ 3.0383, 101.7094 ]
[ 43.5667, 4.0833 ]
[ 43.4074, 5.0553 ]
[ 48.86, 2.35 ]
[ 48.8833, 2.5333 ]
[ 43.3021, 5.4014 ]
[ -23.5477, -46.6358 ]
[ 43.1167, 5.9333 ]
[ 43.6109, 3.8772 ]
[ 35.3872, -97.5769 ]
[ 43.801, 87.6005 ]
[ 48.8498, 2.5627 ]
[ 48.86, 2.35 ]
[ 43.9298, 2.148 ]
[ 36.6683, 116.9972 ]
[ 43.1994, 0.0257 ]
[ 47.5309, 6.8658 ]
[ 43.6043, 1.4437 ]
[ 43.3021, 5.4014 ]
[ 49.6398, -1.6164 ]
[ 49.346, 2.4569 ]
[ 48.9519, 1.9234 ]
[ 48.86, 2.35 ]
[ 49.0894, -1.0725 ]
[ 52.3667, 4.9 ]
[ 3.0383, 101.7094 ]
[ 48.6445, 2.8368 ]
[ 48.8834, 2.2389 ]
[ 43.1994, 0.0257 ]
[ 44.8404, -0.5805 ]
[ 43.9298, 2.148 ]
[ 48.6113, 2.3059 ]
[ 48.8592, 2.3417 ]
[ 46.387, 6.5449 ]
[ 44.5399, -0.1549 ]
[ 48.86, 2.35 ]
[ 48.8817, 2.3822 ]
[ 48.8498, 2.5627 ]
[ 46.7874, 0.1834 ]
[ 43.6109, 3.8772 ]
[ 43.5667, 4.0833 ]
[ 43.1167, 5.9333 ]
[ 49.0245, 1.0338 ]
[ 43.4074, 5.0553 ]
[ 48.86, 2.35 ]
[ 48.7461, 2.3527 ]
[ 37.57, 126.98 ]
[ 48.8833, 2.5333 ]
[ 48.8592, 2.3417 ]
[ -23.5477, -46.6358 ]
[ 45.7638, 3.0495 ]
[ 48.8592, 2.3417 ]
[ 46.4033, 6.6674 ]
[ 48.8592, 2.3417 ]
[ 43.6109, 3.8772 ]
[ 47.1776, -1.6214 ]
[ -5.7833, -35.2167 ]
[ 50.7462, 7.1294 ]
[ 48.8498, 2.5627 ]
[ 48.8592, 2.3417 ]
[ 49.0245, 1.0338 ]
[ 45.7638, 3.0495 ]
[ 41.6167, 2.2833 ]
[ 49.346, 2.4569 ]
[ 44.8404, -0.5805 ]
[ 43.6043, 1.4437 ]
[ 3.0383, 101.7094 ]
[ 43.9298, 2.148 ]
[ -33.45, -70.6667 ]
[ 46.7874, 0.1834 ]
[ 49.6398, -1.6164 ]
[ 43.3021, 5.4014 ]
[ 52.3667, 4.9 ]
[ 48.86, 2.35 ]
[ 46.387, 6.5449 ]
[ 50.45, 30.5233 ]
[ 52.3667, 4.9 ]
[ 48.6445, 2.8368 ]
[ -23.5475, -46.6361 ]
[ 44.2, 0.6333 ]
[ 48.9519, 1.9234 ]
[ 43.4074, 5.0553 ]
[ 48.6113, 2.3059 ]
[ 48.8833, 2.5333 ]
[ 47.4061, -121.9953 ]
[ 48.86, 2.35 ]
[ 48.8592, 2.3417 ]
[ 43.6109, 3.8772 ]
[ 47.5309, 6.8658 ]
[ 48.8817, 2.3822 ]
[ -23.5477, -46.6358 ]
[ 43.5667, 4.0833 ]
[ -23.5477, -46.6358 ]
[ 51.5144, -0.0941 ]
[ 48.8592, 2.3417 ]
[ 48.7461, 2.3527 ]
[ 44.5399, -0.1549 ]
[ 43.1994, 0.0257 ]
[ 49.0894, -1.0725 ]
[ 47.1776, -1.6214 ]
[ 48.8592, 2.3417 ]
[ 35.3872, -97.5769 ]
[ 48.86, 2.35 ]
[ -23.5477, -46.6358 ]
[ 46.4033, 6.6674 ]
[ 48.8834, 2.2389 ]
[ 48.8057, 2.1886 ]
[ 3.0383, 101.7094 ]
[ 48.8817, 2.3822 ]
[ 43.6109, 3.8772 ]
[ 43.1994, 0.0257 ]
[ 45.7638, 3.0495 ]
[ 46.4033, 6.6674 ]
[ 43.1167, 5.9333 ]
[ 43.6043, 1.4437 ]
[ 48.7461, 2.3527 ]
[ 48.8498, 2.5627 ]
[ 47.1776, -1.6214 ]
[ 48.8833, 2.5333 ]
[ 48.86, 2.35 ]
[ 44.8404, -0.5805 ]
[ 43.9298, 2.148 ]
[ 49.346, 2.4569 ]
[ 47.5309, 6.8658 ]
[ 43.5667, 4.0833 ]
[ 43.4074, 5.0553 ]
[ 48.6445, 2.8368 ]
[ 48.8592, 2.3417 ]
[ 48.8592, 2.3417 ]
[ 48.8592, 2.3417 ]
[ 35.3872, -97.5769 ]
[ -23.5477, -46.6358 ]
[ -23.5477, -46.6358 ]
[ 48.86, 2.35 ]
[ 43.6043, 1.4437 ]
[ 49.0894, -1.0725 ]
[ 49.6398, -1.6164 ]
[ 43.4074, 5.0553 ]
[ 48.86, 2.35 ]
[ 43.4074, 5.0553 ]
[ 52.3667, 4.9 ]
[ 48.6113, 2.3059 ]
[ 43.5667, 4.0833 ]
[ 49.0894, -1.0725 ]
[ 43.6109, 3.8772 ]
[ 49.0245, 1.0338 ]
[ 48.8834, 2.2389 ]
[ 47.1776, -1.6214 ]
[ 44.5399, -0.1549 ]
[ 48.86, 2.35 ]
[ 46.7874, 0.1834 ]
[ 48.8592, 2.3417 ]
[ 48.8592, 2.3417 ]
[ 43.9298, 2.148 ]
[ 43.6109, 3.8772 ]
[ 48.8817, 2.3822 ]
[ 46.387, 6.5449 ]
[ 46.4033, 6.6674 ]
[ -23.5477, -46.6358 ]
[ 48.9519, 1.9234 ]
[ 48.8498, 2.5627 ]
[ 48.6445, 2.8368 ]
[ 43.1167, 5.9333 ]
[ 48.8833, 2.5333 ]
[ 45.7638, 3.0495 ]
[ 43.3021, 5.4014 ]
[ 48.8592, 2.3417 ]
[ 48.7461, 2.3527 ]
[ 43.6043, 1.4437 ]
[ 47.5309, 6.8658 ]
[ 49.346, 2.4569 ]
[ 43.1994, 0.0257 ]
[ 48.86, 2.35 ]
[ 48.8592, 2.3417 ]
[ 44.8404, -0.5805 ]
[ 49.6398, -1.6164 ]
[ 18.975, 72.8258 ]
[ 23.5, 121 ]
[ 24.4667, 54.3667 ]
[ 25.2582, 55.3047 ]
[ 54.2044, 37.6111 ]
[ 47.2364, 39.7139 ]
[ 55.75, 37.6166 ]
[ 50.9563, -2.5394 ]
[ 43.2565, 76.9285 ]
[ 51.1811, 71.4278 ]
[ 49.8119, 73.0969 ]
[ 48, 68 ]
[ 52.274, 77.0044 ]
[ 42.3, 69.6 ]
[ 48, 68 ]
[ 50.4267, 80.2667 ]
[ 35.6961, 51.4231 ]
[ 56.1174, -3.5345 ]
[ 45.5379, 9.1892 ]
[ 42.8333, 12.8333 ]
[ 45.0618, 7.5337 ]
[ 42.8333, 12.8333 ]
[ 42.0833, 12.4 ]
[ 45.4643, 9.1895 ]
[ 49.5481, 8.6559 ]
[ 48.4808, 135.0928 ]
[ 45.45, 28.05 ]
[ 45.45, 28.05 ]
[ 45.45, 28.05 ]
[ 44.1833, 28.65 ]
[ 55.75, 37.6166 ]
[ 55.75, 37.6166 ]
[ 51, 9 ]
[ 51, 9 ]
[ 50.6942, 3.1746 ]
[ 48.86, 2.35 ]
[ 48.86, 2.35 ]
[ 50.45, 30.5233 ]
[ 43.2565, 76.9285 ]
[ 55.7135, 11.7169 ]
[ 55.75, 37.6166 ]
[ 48.86, 2.35 ]
[ 56.5, 84.9667 ]
[ 46.34, 48.04 ]
[ 55.75, 37.6166 ]
[ 56.8575, 60.6125 ]
[ 55.75, 37.6166 ]
[ 55.75, 37.6166 ]
[ 53.1835, 50.1182 ]
[ 56.8575, 60.6125 ]
[ 53.36, 83.76 ]
[ 55.75, 37.6166 ]
[ 51, 9 ]
[ 59.8944, 30.2642 ]
[ 48.86, 2.35 ]
[ 55.1544, 61.4297 ]
[ 55.752, 37.615 ]
[ 35.5088, -96.9118 ]
[ 37.57, 126.98 ]
[ 28.6, 77.2 ]
[ 12.9333, 79.1333 ]
[ 16.3, 80.45 ]
[ 49.0986, -123.0318 ]
[ 43.173, -77.7138 ]
[ 43.7592, -79.7605 ]
[ 34.0669, -118.3109 ]
[ 40.3179, -74.5341 ]
[ 38.5021, -122.7619 ]
[ 37.867, -122.24 ]
[ 47.6606, -122.2919 ]
[ 47.6636, -122.3804 ]
[ 21.4003, -157.752 ]
[ 18.317, -66.4152 ]
[ 25.0833, -77.35 ]
[ 43.375, -79.8434 ]
[ 48.4496, -123.4193 ]
[ 40.6749, -73.8191 ]
[ 33.8821, -84.7062 ]
[ 38.5647, -90.5357 ]
[ 34.9477, -111.9396 ]
[ 38.4032, -122.8633 ]
[ 43.4757, -79.6591 ]
[ 40.7449, -73.9782 ]
[ 41.0429, -73.6268 ]
[ 40.8181, -73.4721 ]
[ 43.7223, -79.4504 ]
[ 46.2716, -63.0165 ]
[ 33.4356, -112.3496 ]
[ 23.1167, 113.25 ]
[ 23.7, 90.375 ]
[ 23.7, 90.375 ]
[ 23.7, 90.375 ]
[ 23.7, 90.375 ]
[ 52.7833, 52.25 ]
[ 52.428, -3.573 ]
[ 50.45, 30.5233 ]
[ 48.5334, 35.8705 ]
[ 53.2521, 34.3717 ]
[ 52.0333, 113.55 ]
[ 50.45, 30.5233 ]
[ 39.282, -76.6949 ]
[ 18.975, 72.8258 ]
[ 36.6683, 116.9972 ]
[ -21.5333, -42.6333 ]
[ 55.75, 37.6166 ]
[ -2, 30 ]
[ 37.57, 126.98 ]
[ 12.9833, 77.5833 ]
[ 31.5, 34.75 ]
[ -23.5475, -46.6361 ]
[ 43.6656, -79.383 ]
[ -23.5475, -46.6361 ]
[ -34.6033, -58.3817 ]
[ 43.6425, -79.3872 ]
[ 41.6167, 2.2833 ]
[ 41.3833, 2.1833 ]
[ -12.05, -77.05 ]
[ 33.7934, -118.1212 ]
[ 48.86, 2.35 ]
[ -33.45, -70.6667 ]
[ 35.3872, -97.5769 ]
[ 28.6667, 77.2167 ]
[ 48.86, 2.35 ]
[ 45.1667, 15.5 ]
[ 42.8333, 12.8333 ]
[ 39.9205, -105.0867 ]
[ 49.75, 6.1667 ]
[ -5.7833, -35.2167 ]
[ 18.5333, 73.8667 ]
[ 40.4165, -3.7026 ]
[ 55.75, 37.6166 ]
[ -19.9167, -44.1 ]
[ -29, 24 ]
[ 20, 77 ]
[ 48.86, 2.35 ]
[ 37.57, 126.98 ]
[ 42.3533, -71.1883 ]
[ 22.7167, 75.8333 ]
[ -23.5477, -46.6358 ]
[ 45.7452, 4.842 ]
[ 42.4669, -88.055 ]
[ 38.6729, -121.1488 ]
[ 18.975, 72.8258 ]
[ 43.801, 87.6005 ]
[ -31.8882, 115.8719 ]
[ 39.9289, 116.3883 ]
[ 52.274, 77.0044 ]
[ 22.2833, 114.15 ]
[ 43.4106, -80.5011 ]
[ 41.9788, -91.6647 ]
[ 3.0383, 101.7094 ]
[ 15.4778, 120.7169 ]
[ 33.4356, -112.3496 ]
[ 48.86, 2.35 ]
[ 25, 45 ]
[ 55.75, 37.6166 ]
[ 22.3, 87.9167 ]
[ -23.5477, -46.6358 ]
[ -34.5, -58.6833 ]
[ 40.2827, -83.0559 ]
[ 31.0456, 121.3997 ]
[ 22.2833, 114.15 ]
[ 3.0383, 101.7094 ]
[ 51, 9 ]
[ -23.5477, -46.6358 ]
[ 47.5, 19.0833 ]
[ 49.2551, -123.0667 ]
[ -23.5477, -46.6358 ]
[ 55.75, 37.6166 ]
[ 53, 28 ]
[ -23.5477, -46.6358 ]
[ -34.6033, -58.3817 ]
[ 3.0762, 101.6529 ]
[ -23.5477, -46.6358 ]
[ 55.75, 37.6166 ]
[ 18.4667, -69.9 ]
[ 45.7638, 3.0495 ]
[ 48.86, 2.35 ]
[ 48.8833, 2.5333 ]
[ 46.7874, 0.1834 ]
[ 48.8834, 2.2389 ]
[ 48.8498, 2.5627 ]
[ 47.4925, 19.0514 ]
[ 48.8592, 2.3417 ]
[ 44.8404, -0.5805 ]
[ 48.8817, 2.3822 ]
[ 35.3872, -97.5769 ]
[ 43.3021, 5.4014 ]
[ 43.2565, 76.9285 ]
[ 48.8817, 2.3822 ]
[ 43.1167, 5.9333 ]
[ 43.1994, 0.0257 ]
[ 43.4074, 5.0553 ]
[ 48.8833, 2.5333 ]
[ 49.6398, -1.6164 ]
[ 48.8498, 2.5627 ]
[ 48.6113, 2.3059 ]
[ 47.9917, 37.7759 ]
[ 48.86, 2.35 ]
[ 44.5399, -0.1549 ]
[ 46.387, 6.5449 ]
[ 48.6445, 2.8368 ]
[ 47.5309, 6.8658 ]
[ 48.86, 2.35 ]
[ 47.1776, -1.6214 ]
[ 48.86, 2.35 ]
[ 46.7874, 0.1834 ]
[ 44.8404, -0.5805 ]
[ 48.86, 2.35 ]
[ 23.5, 121 ]
[ 48.86, 2.35 ]
[ 22.5697, 88.3697 ]
[ 49.6398, -1.6164 ]
[ 33.8333, 35.8333 ]
[ 16.4164, 120.5931 ]
[ 20, 77 ]
[ 51.5144, -0.0941 ]
[ 50.45, 30.5233 ]
[ 48.6445, 2.8368 ]
[ 43.5667, 4.0833 ]
[ 0.3156, 32.5656 ]
[ 47.4061, -121.9953 ]
[ 56.0167, 39.95 ]
[ -23.5477, -46.6358 ]
[ -6.175, 106.8286 ]
[ -23.5477, -46.6358 ]
[ -2, 30 ]
[ 12.9833, 77.5833 ]
[ 39.8834, -83.83 ]
[ 51.4856, 7.5366 ]
[ 50.45, 30.5233 ]
[ 43.1994, 0.0257 ]
[ 40.4921, -3.8713 ]
[ 48.86, 2.35 ]
[ 18.975, 72.8258 ]
[ 38.5856, -121.3777 ]
[ -33.45, -70.6667 ]
[ 48.8592, 2.3417 ]
[ 55.75, 37.6166 ]
[ 14.5833, 120.9667 ]
[ 3.0383, 101.7094 ]
[ 22.2833, 114.15 ]
[ 17.3753, 78.4744 ]
[ -27.2333, -52.0167 ]
[ 43.6043, 1.4437 ]
[ 31.5, 34.75 ]
[ 43.9298, 2.148 ]
[ 34.1366, -83.7837 ]
[ 43.4074, 5.0553 ]
[ 48.8592, 2.3417 ]
[ 49.346, 2.4569 ]
[ -23.5475, -46.6361 ]
[ 48.6113, 2.3059 ]
[ 48.86, 2.35 ]
[ 12.9833, 77.5833 ]
[ 39.282, -76.6949 ]
[ -6.1744, 106.8294 ]
[ 32.7877, -96.8 ]
[ 12.9333, 79.1333 ]
[ 38.9084, -77.1201 ]
[ -23.5477, -46.6358 ]
[ 31.8639, 117.2808 ]
[ 42.8333, 12.8333 ]
[ 50.45, 30.5233 ]
[ 48.86, 2.35 ]
[ 41.3833, 2.1833 ]
[ 16.5167, 80.6167 ]
[ 55.0411, 82.9344 ]
[ 49.75, 6.1667 ]
[ -29, 24 ]
[ 47.5, 19.0833 ]
[ 43.4106, -80.5011 ]
[ 25, 45 ]
[ 43.6043, 1.4437 ]
[ 50.4267, 80.2667 ]
[ 43.6425, -79.3872 ]
[ 20, 77 ]
[ 55.75, 37.6166 ]
[ 51.5144, -0.0941 ]
[ -23.5477, -46.6358 ]
[ 43.3021, 5.4014 ]
[ 42.4669, -88.055 ]
[ 48.86, 2.35 ]
[ 55.75, 37.6166 ]
[ 48.8592, 2.3417 ]
[ 46, 15 ]
[ 55.75, 37.6166 ]
[ 48.7461, 2.3527 ]
[ 43.6109, 3.8772 ]
[ 48.8592, 2.3417 ]
[ -33.45, -70.6667 ]
[ 35.3872, -97.5769 ]
[ 13.75, 100.4667 ]
[ 49.4478, 11.0683 ]
[ 23.7231, 90.4086 ]
[ 12.9833, 77.5833 ]
[ 4.5981, -74.0758 ]
[ 50.9563, -2.5394 ]
[ 44, 21 ]
[ 53.5303, 49.3461 ]
[ 45.3585, 9.4963 ]
[ -24.95, -53.4667 ]
[ 50.9124, 6.9174 ]
[ 43.5283, 5.4497 ]
[ 50.5849, 8.6742 ]
[ 44.5888, 33.5224 ]
[ 33.1479, 72.55 ]
[ 48, 68 ]
[ 32.5333, -117.0167 ]
[ 13.7086, -89.2031 ]
[ 55.75, 37.6166 ]
[ 52.2333, 21.0167 ]
[ 13.1, -59.5667 ]
[ 40.7499, -99.198 ]
[ 40.9258, -76.7568 ]
[ 40.8577, 14.5643 ]
[ -27.2667, 152.9833 ]
[ 51.6664, 39.17 ]
[ 33.9761, -118.1535 ]
[ 66.6572, 66.4183 ]
[ 12.3072, 76.6497 ]
[ 50.45, 30.5233 ]
[ 43.2565, 76.9285 ]
[ 52.25, 21 ]
[ 43.4106, -80.5011 ]
[ 60.6667, 17.1667 ]
[ 31.0456, 121.3997 ]
[ 55.75, 37.6166 ]
[ -34.6033, -58.3817 ]
[ 40.9923, -75.5777 ]
[ -7.2492, 112.7508 ]
[ 58.5167, 31.2833 ]
[ 40.7421, -74.0018 ]
[ 33.8748, -118.2406 ]
[ 50.45, 30.5233 ]
[ 47.4925, 19.0514 ]
[ 37.4625, -122.2405 ]
[ 47.3173, 1.1905 ]
[ -37.7961, 175.3088 ]
[ 60.9401, 26.7728 ]
[ -12.0433, -77.0283 ]
[ 38, -97 ]
[ 50.45, 30.5233 ]
[ 55.7522, 37.6156 ]
[ 38.5831, -121.4921 ]
[ 53.6884, 23.8258 ]
[ 43.0302, -88.2153 ]
[ -27.4679, 153.0281 ]
[ 55.7522, 37.6156 ]
[ 52.3667, 4.9 ]
[ 48, 68 ]
[ 51.5, 0.1833 ]
[ 55.75, 37.6166 ]
[ 48, 68 ]
[ 40.749, -73.9865 ]
[ -23.5477, -46.6358 ]
[ 47.5761, 7.5999 ]
[ -6.175, 106.8286 ]
[ 51.5, -0.13 ]
[ 42.3223, -83.1763 ]
[ 53.9, 27.5667 ]
[ 1, 38 ]
[ 43.8244, 4.2666 ]
[ 38, -97 ]
[ 59.95, 10.75 ]
[ 58.2667, 12.3 ]
[ 59.8944, 30.2642 ]
[ -34.6033, -58.3816 ]
[ -23.5475, -46.6361 ]
[ 56.8619, 35.8931 ]
[ 40.0481, -105.3842 ]
[ -6.1744, 106.8294 ]
[ 19.43, -99.13 ]
[ 38.6262, -121.3248 ]
[ 55.75, 37.6166 ]
[ 55.75, 37.6166 ]
[ -34.6033, -58.3816 ]
[ -27.5833, -48.5667 ]
[ 18.394, -65.9779 ]
[ 12.9833, 77.5833 ]
[ 55.7522, 37.6156 ]
[ -23.5477, -46.6358 ]
[ 20, 77 ]
[ 31.0456, 121.3997 ]
[ -23.5477, -46.6358 ]
[ -23.5477, -46.6358 ]
[ 48.86, 2.35 ]
[ 53, 28 ]
[ 4.5904, 101.0807 ]
[ 47.0056, 28.8575 ]
[ 55.7522, 37.6156 ]
[ 50.45, 30.5233 ]
[ -22.5617, -47.4028 ]
[ 58.1621, 7.9967 ]
[ 45.8759, 11.5122 ]
[ 59.8944, 30.2642 ]
[ 52.3667, 4.9 ]
[ 48.8817, 2.3822 ]
[ 46.387, 6.5449 ]
[ 46.4033, 6.6674 ]
[ 48.86, 2.35 ]
[ 48.6113, 2.3059 ]
[ 43.6043, 1.4437 ]
[ 48.7461, 2.3527 ]
[ 48.8498, 2.5627 ]
[ 47.1776, -1.6214 ]
[ 48.8833, 2.5333 ]
[ 43.3021, 5.4014 ]
[ 49.0894, -1.0725 ]
[ 49.6398, -1.6164 ]
[ 44.8404, -0.5805 ]
[ 43.9298, 2.148 ]
[ 49.346, 2.4569 ]
[ 47.5309, 6.8658 ]
[ 44.5399, -0.1549 ]
[ 48.6445, 2.8368 ]
[ 48.8592, 2.3417 ]
[ 48.8592, 2.3417 ]
[ 48.8592, 2.3417 ]
[ 59.8944, 30.2642 ]
[ 49.248, -123.0913 ]
[ 38, -97 ]
[ 45.7667, 4.8833 ]
[ 52.7716, -1.5503 ]
[ 55.75, 37.6166 ]
[ 13.0833, 80.2833 ]
[ 5.3097, -4.0127 ]
[ 33.0362, -96.6712 ]
[ 42.7, 23.3333 ]
[ -23.5477, -46.6358 ]
[ -28.3833, -53.9167 ]
[ 52.3667, 4.9 ]
[ 52.3667, 4.9 ]
[ 49.0662, 2.4581 ]
[ 20, 77 ]
[ 55.7522, 37.6156 ]
[ 48, 68 ]
[ 52.2333, 21.0167 ]
[ 55, 73.4 ]
[ 47.2364, 39.7139 ]
[ 53.355, -1.4907 ]
[ 60.1708, 24.9375 ]
[ 47.4925, 19.0514 ]
[ 40.4647, -111.6332 ]
[ 47.05, 18.9167 ]
[ 55.7522, 37.6156 ]
[ 38.5831, -121.4921 ]
[ 55.7522, 37.6156 ]
[ 2.5, 112.5 ]
[ 38.8048, -77.0469 ]
[ 55.75, 37.6166 ]
[ 33.2736, -87.5819 ]
[ 24.4667, 54.3667 ]
[ -5.0833, -42.8167 ]
[ 39.5743, 2.6552 ]
[ 55.75, 37.6166 ]
[ -23.5477, -46.6358 ]
[ 53.2521, 34.3717 ]
[ 30.2936, 120.1614 ]
[ 55.75, 37.6166 ]
[ 54.0283, -2.1506 ]
[ 38, -97 ]
[ 56.85, 53.2333 ]
[ 12.9833, 77.5833 ]
[ 23.5, 121 ]
[ 31.5, 34.75 ]
[ 51.75, 19.4667 ]
[ 55.75, 37.6166 ]
[ 45.2614, 11.1179 ]
[ 4.0503, 9.7 ]
[ 31.5, 34.75 ]
[ 51.5144, -0.0941 ]
[ 55.7522, 37.6156 ]
[ 55.75, 37.6166 ]
[ 41.9788, -91.6647 ]
[ 50.0833, 14.4167 ]
[ 51, 9 ]
[ 44.2411, -76.5788 ]
[ 47.6333, 19.1333 ]
[ -36.9559, 174.8184 ]
[ 49.75, 6.1667 ]
[ 55.75, 37.6166 ]
[ -23.5477, -46.6358 ]
[ 52.2333, 21.0167 ]
[ 48.86, 2.35 ]
[ 19.3777, -98.1738 ]
[ 60.1708, 24.9375 ]
[ 44.4333, 26.1 ]
[ 40.6761, -74.573 ]
[ 40.4, -3.6833 ]
[ -23.5477, -46.6358 ]
[ 47.5, 19.0833 ]
[ 58.5167, 31.2833 ]
[ 48.86, 2.35 ]
[ 59.3294, 18.0686 ]
[ 42.8333, 12.8333 ]
[ 34.0438, -118.2512 ]
[ 39.0649, -76.9798 ]
[ 39.7525, -104.9995 ]
[ 47.4925, 19.0514 ]
[ -7.2492, 112.7508 ]
[ 47.5833, 18.9333 ]
[ 52.3667, 4.9 ]
[ 37.7772, -122.4931 ]
[ 51.5144, -0.0941 ]
[ 48.86, 2.35 ]
[ 52.3667, 4.9 ]
[ 38.9834, -74.9025 ]
[ -10.9167, -37.0667 ]
[ -23.9667, -46.3833 ]
[ 33.561, -111.9089 ]
[ 39.282, -76.6949 ]
[ 55.75, 37.6166 ]
[ 48.86, 2.35 ]
[ -34.6033, -58.3817 ]
[ 54.2044, 37.6111 ]
[ 59.3333, 18.05 ]
[ 52.3667, 4.9 ]
[ 52.374, 4.8897 ]
[ 39.8222, -7.4909 ]
[ 51.3167, 11.95 ]
[ 21.457, -158.173 ]
[ 51.9222, -2.0509 ]
[ -23.5477, -46.6358 ]
[ 53.3661, 10.048 ]
[ 40.4, -3.6833 ]
[ 43.6425, -79.3872 ]
[ 48.86, 2.35 ]
[ 51.5333, 0.7 ]
[ 56, 24 ]
[ -33.4378, -70.6503 ]
[ 48.3019, 14.2456 ]
[ 37.7721, -90.3672 ]
[ -34.6033, -58.3817 ]
[ -12.0433, -77.0283 ]
[ 43.6889, -79.4507 ]
[ 51, 9 ]
[ 33.9164, -118.4041 ]
[ 53.3331, -6.2489 ]
[ 31.5, 34.75 ]
[ 50.45, 30.5233 ]
[ 43.648, -79.3816 ]
[ 18, -76.8 ]
[ 28.4667, 77.0333 ]
[ 52.374, 4.8897 ]
[ 38.5689, -121.4383 ]
[ 25.7806, -80.1826 ]
[ 35.69, 139.69 ]
[ 31.0456, 121.3997 ]
[ 51.6664, 39.17 ]
[ 48, 68 ]
[ 51.5333, 0.7 ]
[ 55.7522, 37.6156 ]
[ 51.3667, 12.3833 ]
[ 36.317, -76.2754 ]
[ 38, -97 ]
[ 4.5981, -74.0758 ]
[ 50.61, 36.58 ]
[ 50.45, 30.5233 ]
[ 55.897, 37.4297 ]
[ 54.2044, 37.6111 ]
[ 45.8862, 11.0199 ]
[ 41.8947, 12.4839 ]
[ 33.4356, -112.3496 ]
[ 49.0078, 8.4199 ]
[ 56.85, 53.2333 ]
[ 58.5167, 31.2833 ]
[ -19.45, -44.2333 ]
[ 30.05, 31.3666 ]
[ 35.0486, -85.155 ]
[ 50.348, 18.9328 ]
[ 46.7779, 6.6355 ]
[ 48.86, 2.35 ]
[ 13.0833, 80.2833 ]
[ 43.0202, -87.9256 ]
[ 52.3667, 4.9 ]
[ 55.75, 37.6166 ]
[ 45.3656, -71.842 ]
[ 53.0543, 8.7457 ]
[ -41, 174 ]
[ 1.2931, 103.8558 ]
[ -34.55, -58.5333 ]
[ 55.75, 37.6166 ]
[ 53.1835, 50.1182 ]
[ 47.2364, 39.7139 ]
[ 42.3233, -71.4352 ]
[ 32.7371, -96.9055 ]
[ 40.204, -75.5381 ]
[ 55.75, 37.6166 ]
[ -23.5477, -46.6358 ]
[ 31.0456, 121.3997 ]
[ 52.2333, 21.0167 ]
[ 48.86, 2.35 ]
[ 52.3667, 4.9 ]
[ -34.6033, -58.3817 ]
[ 34, 9 ]
[ 33.6793, -117.9055 ]
[ 47.6145, -122.348 ]
[ 53, 28 ]
[ 1, 38 ]
[ 40.9374, -73.8293 ]
[ 32.9685, -96.5821 ]
[ 32.7235, -97.4625 ]
[ 50.9124, 6.9174 ]
[ 56.85, 53.2333 ]
[ 38.3507, -121.9326 ]
[ 40.4169, -74.2579 ]
[ 19.43, -99.13 ]
[ 32.4388, -110.9575 ]
[ 11.5625, 104.916 ]
[ 52.3667, 4.9 ]
[ 52.2333, 21.0167 ]
[ 40.6894, -73.6502 ]
[ 45.7667, 4.8833 ]
[ 38, -97 ]
[ 57.048, 9.9187 ]
[ 52.3667, 4.9 ]
[ -37.7, 144.9333 ]
[ 60.1708, 24.9375 ]
[ 56, 51.5 ]
[ 44.5888, 33.5224 ]
[ 55.75, 37.6166 ]
[ 40.6852, -73.8503 ]
[ 56.1833, 36.9833 ]
[ 31.8639, 117.2808 ]
[ 21, 57 ]
[ 42.7551, -7.8662 ]
[ 47.6201, -122.1408 ]
[ -7.2492, 112.7508 ]
[ 53, 28 ]
[ -23.5475, -46.6361 ]
[ 29.3375, 47.6581 ]
[ -19.9167, -44.1 ]
[ 31.5, 34.75 ]
[ -23.5477, -46.6358 ]
[ -7.8881, 110.3289 ]
[ -23.5477, -46.6358 ]
[ 33.6669, -112.1857 ]
[ 53.65, 10.4 ]
[ -33.45, -70.6667 ]
[ 41.9986, -87.9028 ]
[ 34.2395, -116.8685 ]
[ 40.4, -3.6833 ]
[ -1.2833, 36.8167 ]
[ -6.1744, 106.8294 ]
[ 13.7086, -89.2031 ]
[ 47.2364, 39.7139 ]
[ 38.5647, -90.5357 ]
[ 38, -97 ]
[ 50.45, 30.5233 ]
[ 28.6667, 77.2167 ]
[ 19.15, 72.9333 ]
[ 18.975, 72.8258 ]
[ 21.0333, 105.85 ]
[ -35.0167, 138.6167 ]
[ 23.5, 121 ]
[ 42.8333, 12.8333 ]
[ 24.4667, 54.3667 ]
[ 25.2582, 55.3047 ]
[ 54.2044, 37.6111 ]
[ 47.2364, 39.7139 ]
[ 55.75, 37.6166 ]
[ 50.9563, -2.5394 ]
[ 43.2565, 76.9285 ]
[ 51.1811, 71.4278 ]
[ 49.8119, 73.0969 ]
[ 48, 68 ]
[ 52.274, 77.0044 ]
[ 42.3, 69.6 ]
[ 48, 68 ]
[ 50.4267, 80.2667 ]
[ 35.6961, 51.4231 ]
[ 56.1174, -3.5345 ]
[ 45.5379, 9.1892 ]
[ 42.8333, 12.8333 ]
[ 45.0618, 7.5337 ]
[ 42.8333, 12.8333 ]
[ 42.0833, 12.4 ]
[ 45.4643, 9.1895 ]
[ 49.5481, 8.6559 ]
[ 55.75, 37.6166 ]
[ 55.75, 37.6166 ]
[ 48.4808, 135.0928 ]
[ 48.4808, 135.0928 ]
[ 55.75, 37.6166 ]
[ 45.45, 28.05 ]
[ 45.45, 28.05 ]
[ 45.45, 28.05 ]
[ 44.1833, 28.65 ]
[ 55.75, 37.6166 ]
[ 55.75, 37.6166 ]
[ 55.75, 37.6166 ]
[ 31.5, 34.75 ]
[ 51, 9 ]
[ 31.5, 34.75 ]
[ 50.6942, 3.1746 ]
[ 48.86, 2.35 ]
[ 48.86, 2.35 ]
[ 48.86, 2.35 ]
[ 48.86, 2.35 ]
[ 50.45, 30.5233 ]
[ 43.2565, 76.9285 ]
[ 52.374, 4.8897 ]
[ 55.75, 37.6166 ]
[ 55.7135, 11.7169 ]
[ 48.86, 2.35 ]
[ 48.86, 2.35 ]
[ 56.5, 84.9667 ]
[ 55.75, 37.6166 ]
[ 55.75, 37.6166 ]
[ 56.8575, 60.6125 ]
[ 55.75, 37.6166 ]
[ 55.75, 37.6166 ]
[ 56.8575, 60.6125 ]
[ 53.1835, 50.1182 ]
[ 56.8575, 60.6125 ]
[ 57.6198, 39.8554 ]
[ 47.2313, 39.7233 ]
[ 53.36, 83.76 ]
[ 55.75, 37.6166 ]
[ 55.75, 37.6166 ]
[ 51, 9 ]
[ 51, 9 ]
[ 59.8944, 30.2642 ]
[ 48.86, 2.35 ]
[ 55.1544, 61.4297 ]
[ 55.752, 37.615 ]
[ 55.752, 37.615 ]
[ 24.6537, 46.7152 ]
[ 35.5088, -96.9118 ]
[ 37.57, 126.98 ]
[ 28.6, 77.2 ]
[ 12.9333, 79.1333 ]
[ 10.8142, 106.6438 ]
[ 49.0986, -123.0318 ]
[ 43.173, -77.7138 ]
[ 43.7592, -79.7605 ]
[ 34.0669, -118.3109 ]
[ 47.6103, -122.3341 ]
[ 40.3179, -74.5341 ]
[ 38.5021, -122.7619 ]
[ 37.867, -122.24 ]
[ 47.6606, -122.2919 ]
[ 47.6636, -122.3804 ]
[ 21.4003, -157.752 ]
[ 18.317, -66.4152 ]
[ 25.0833, -77.35 ]
[ 43.375, -79.8434 ]
[ 48.4496, -123.4193 ]
[ 40.6749, -73.8191 ]
